3 0.7080561050170833 0.3992537313432835 0.1938725049451538 0.11940298507462693
3 0.7438803722352094 0.5457089552238805 0.06602904153929146 0.042910447761194064
3 0.7916460618593777 0.6026119402985074 0.02950233770904518 0.02985074626865675
3 0.4465371081622147 0.48986154961036016 0.04615746410084529 0.044383339754307236
3 0.4908107273178852 0.6188800334677608 0.01949901998778202 0.026613995725546145
3 0.26748157954716023 0.630630400964995 0.021110040935240305 0.02382901420769926
3 0.761456537431784 0.6145107737068455 0.03377606549638457 0.016820480617199464
3 0.8158148928400282 0.3972462324013519 0.0306095593560985 0.12054677775659627
3 0.6532675776386774 0.6614679487631938 0.0643856248524829 0.018222187335299365
3 0.5403288586351416 0.6719807491489437 0.06438562485248304 0.016820480617199537
3 0.21576197925582136 0.6117073602706453 0.025332049122288397 0.06167509559639818
