1 0.220771144278607 0.333955223880597 0.07338308457711445 0.10820895522388063
1 0.486318407960199 0.5410447761194029 0.5124378109452735 0.246268656716418
4 0.9042288557213931 0.7527985074626866 0.024875621890547137 0.07649253731343279
4 0.794776119402985 0.7462686567164178 0.1318407960199005 0.0671641791044776
0 0.7232587064676617 0.8311567164179103 0.08582089552238799 0.11380597014925385
4 0.3009950248756219 0.7229477611940298 0.16915422885572146 0.08395522388059704
1 0.5901741293532338 0.7248134328358209 0.11069651741293533 0.07276119402985075
1 0.9564676616915423 0.43376865671641796 0.072139303482587 0.1660447761194029
4 0.9751243781094527 0.601679104477612 0.044776119402985017 0.0578358208955224
1 0.8905472636815921 0.5792910447761194 0.062189054726368195 0.26305970149253727
