4 0.6242694528746703 0.4356147275345503 0.2547223133234737 0.03481398359774126
4 0.5874246535670608 0.36729228472398306 0.06614656883570838 0.0496099266267813
4 0.6764904282712823 0.37686613021336185 0.04467794561710136 0.039165731547458976
4 0.4867542176635923 0.36250536197929356 0.09457798877386381 0.08703495899435325
4 0.4571623316055121 0.4856598289563033 0.022629089338531756 0.026980837288249473
4 0.6886753225304915 0.5822686334400353 0.3626456624764715 0.05309132498655544
3 0.6518040088785879 0.3356647023462223 0.07624550126778054 0.03236837317971812
4 0.28001775902927045 0.5327834300799794 0.11388377811465573 0.14018386516412812
0 0.308185098809327 0.678026081745704 0.04589116019702253 0.045099933297073846
1 0.39676616915422885 0.37126865671641796 0.05472636815920396 0.14552238805970155
1 0.47636815920398007 0.7117537313432836 0.12437810945273632 0.1585820895522388
4 0.40671641791044777 0.8227611940298507 0.0646766169154229 0.08582089552238799
4 0.5460199004975125 0.8283582089552237 0.22885572139303492 0.03731343283582092
4 0.32213930348258707 0.868470149253731 0.03482587064676621 0.18097014925373117
