1 0.4211986225841362 0.6304347849628258 0.060247991046043704 0.08303862217995359
4 0.5035559681424896 0.6894359112485824 0.039244104259349724 0.031467267352403495
4 0.57928050734715 0.7003620457459447 0.021556620649501854 0.018355905955568658
2 0.3827735536142632 0.8096031449203511 0.09694097371822494 0.07154093564321698
2 0.4743289176814755 0.8155648895572858 0.05170185264971991 0.022143622937186223
2 0.5201065997150817 0.8155648895572858 0.0312365359758725 0.0289570453793975
2 0.768921765591859 0.6818514741288919 0.0807841447651873 0.057914090758794855
2 0.09410487631999341 0.7039950970660783 0.06678155967255492 0.05450737953768922
4 0.26667335156229116 0.6863893948590394 0.12372947518951281 0.03172949458034026
2 0.3472647124289738 0.403996893094012 0.03611563059585777 0.03596009385771886
