4 0.3827955411385816 0.26383144922594104 0.16374450403415663 0.13110757697040845
4 0.5803413388041055 0.3679721465331228 0.2485830335350906 0.1784682340201742
4 0.46273534289337626 0.18936567164179105 0.023266022827041297 0.06156716417910447
4 0.8205767045627126 0.31588580991020093 0.12248456739125971 0.19051672906895079
4 0.7811319681683392 0.4736716901480041 0.06614505095039731 0.12211034352670352
4 0.6243049458589406 0.6585820895522388 0.33089454687347586 0.06343283582089555
3 0.8570373292509775 0.4294823317947619 0.06236901983246582 0.1309812738538629
3 0.8300051220151957 0.5120954302130141 0.04643002191581104 0.03733799740857748
4 0.7346742611504904 0.5976941038333227 0.08218400763531833 0.05803092320957021
4 0.8011521798246559 0.596345270519548 0.05107302410739237 0.050741381093707856
4 0.8635010663973166 0.662979233664772 0.020561866848430838 0.0710379306094854
